"year" "argen" "ger" "china" "japan" "france" "uk" "finl" "usa"
"1" 1996 0.417 2.137 0.563 2.692 2.211 1.58755004405975 2.45310997962952 2.442
"2" 1997 0.42 2.179 0.639 2.77 2.135 1.54563999176025 2.62320995330811 2.471
"3" 1998 0.411 2.212 0.647 2.874 2.084 1.56210994720459 2.78655004501343 2.497
"4" 1999 0.453 2.334 0.75 2.893 2.097 1.64432001113892 3.05603003501892 2.542
"5" 2000 0.439 2.392 0.893 2.906 2.084 1.62679994106293 3.24569010734558 2.621
"6" 2001 0.425 2.386 0.94 2.972 2.129 1.62330996990204 3.19794988632202 2.638
"7" 2002 0.389 2.415 1.058 3.014 2.166 1.62963998317719 3.25740003585815 2.55
"8" 2003 0.41 2.457 1.12 3.043 2.111 1.59373998641968 3.3021399974823 2.553
"9" 2004 0.404 2.421 1.215 3.03 2.086 1.54554998874664 3.31493997573853 2.49
"10" 2005 0.421 2.423 1.308 3.181 2.044 1.56386005878448 3.32976007461548 2.506
"11" 2006 0.452 2.456 1.369 3.278 2.045 1.58552002906799 3.33762001991272 2.55
"12" 2007 0.46 2.446 1.373 3.34 2.02 1.62679994106293 3.34576988220215 2.627
"13" 2008 0.471 2.597 1.445 3.337 2.058 1.63064002990723 3.54708003997803 2.767
"14" 2009 0.587 2.726 1.662 3.231 2.209 1.69094002246857 3.74883008003235 2.819
"15" 2010 0.564 2.714 1.71 3.137 2.175 1.66860997676849 3.72598004341125 2.74
"16" 2011 0.569 2.796 1.775 3.245 2.191 1.6745400428772 3.6388099193573 2.77
"17" 2012 0.639 2.868 1.906 3.209 2.229 1.60251998901367 3.41948008537292 2.689
"18" 2013 0.622 2.821 1.99 3.315 2.239 1.64760005474091 3.28718996047974 2.725
"19" 2014 0.592 2.873 2.021 3.401 2.278 1.66568005084991 3.16931009292603 2.739
"20" 2015 0.629 2.917 2.056 3.286 2.271 1.67445003986359 2.89668011665344 2.74
"21" 2016 0.533 2.939 2.107 3.147 2.248 1.69035995006561 2.74846005439758 2.744
